8.567871909699559 0.6378802052435842
8.567871909699559 0.6378802052435842
8.567871909699559 0.6378802052435842
8.567871909699559 0.6378802052435842
8.567871909699559 0.6378802052435842
8.567871909699559 0.6378802052435842
8.567871909699559 0.6378802052435842
8.567871909699559 0.6378802052435842
8.569496512882239 0.6378442956668579
8.607237294517324 0.6370100885766039
8.694965866399343 0.635070971432992
8.83268222852833 0.632026944236023
9.018761777721595 0.6279139165624238
9.218712938709396 0.6234942763489971
9.418664099697297 0.6190746361355705
9.618615260685209 0.6146549959221432
9.778576189475535 0.6111192837514019
9.938537118265861 0.6075835715806606
10.098498047056188 0.6040478594099192
10.258458975846514 0.6005121472391779
10.458410136834422 0.5960925070257512
10.65836129782233 0.5916728668123246
10.818322226612656 0.5881371546415832
11.018273387600564 0.5837175144281566
11.17823431639089 0.5801818022574152
11.338195245181216 0.5766460900866739
11.538146406169124 0.5722264498732472
11.738097567157032 0.5678068096598206
11.93804872814494 0.5633871694463939
12.137999889132848 0.5589675292329672
12.297960817923174 0.5554318170622259
12.497911978911082 0.5510121768487992
12.69786313989899 0.5465925366353726
12.897814300886898 0.5421728964219459
13.097765461874806 0.5377532562085192
13.297716622862714 0.5333336159950925
13.497667783850622 0.5289139757816659
13.737609177036111 0.5236104075255539
13.93756039368163 0.5191932966998476
14.137540849148193 0.5167239619765647
14.337540573063482 0.5163924821308045
14.537540310623523 0.5160684822725062
14.737540048183565 0.515744482414208
14.937539785743606 0.5154204825559098
15.137539523303648 0.5150964826976115
15.33753926086369 0.5147724828393133
15.53753899842373 0.5144484829810151
15.737538735983772 0.5141244831227169
15.937538473543828 0.5138004832644191
16.137538211103855 0.5134764834061208
16.33753794866386 0.5131524835478226
16.537537686223867 0.5128284836895244
16.737537423783873 0.5125044838312262
16.93753716134388 0.5121804839729279
17.137536898903885 0.5118564841146297
17.33753663646389 0.5115324842563315
17.537536374023897 0.5112084843980332
17.737536111583903 0.510884484539735
17.93753584914391 0.5105604846814368
18.137535586703915 0.5102364848231385
18.33753532426392 0.5099124849648403
18.497535114311926 0.5096532850782017
18.697534851871932 0.5093292852199035
18.897534589431938 0.5090052853616053
19.097534326991912 0.5086812855033088
19.297534064551776 0.5083572856450217
19.49753380211164 0.5080332857867346
19.697533539671504 0.5077092859284474
19.897533277231368 0.5073852860701603
20.09753301479123 0.5070612862118732
20.297532752351096 0.5067372863535861
20.49753248991096 0.5064132864952989
20.697532227470823 0.5060892866370118
20.897531965030687 0.5057652867787247
21.09753170259055 0.5054412869204375
21.297531440150415 0.5051172870621504
21.49753117771028 0.5047932872038633
21.697530915270143 0.5044692873455762
21.897530652830007 0.504145287487289
22.09752055944781 0.5025570096335711
22.2974377832429 0.4968268623912871
22.497344765453974 0.4907278081014617
22.657270351222834 0.4858485646696014
22.85717733343391 0.47974951037977603
23.057084315644985 0.47365045608995066
23.25699129785606 0.4675514018001253
23.456898280067136 0.4614523475102999
23.656805262278212 0.4553532932204745
23.856712244489287 0.44925423893064914
24.056619226700363 0.44315518464082376
24.25652620891144 0.4370561303509984
24.456433191122514 0.430957076061173
24.65634017333359 0.4248580217713476
24.856247155544665 0.41875896748152225
25.05615413775574 0.41265991319169687
25.256061119966816 0.4065608589018715
25.45596810217789 0.4004618046120461
25.655875084388967 0.39436275032222073
25.855782066600042 0.38826369603239536
26.055689048811118 0.38216464174257
26.21561463457998 0.3772853983107097
26.415521616791054 0.3711863440208843
26.61542859900213 0.3650872897310589
26.815335581213205 0.35898823544123354
27.01524256342428 0.35288918115140816
27.215149545635356 0.3467901268615828
27.41505652784643 0.3406910725717574
27.57498211361529 0.3358118291398971
27.774889095826367 0.3297127748500717
27.974796078037443 0.32361372056024634
28.17470306024852 0.31751466627042096
28.374610042459594 0.3114156119805956
28.57451702467067 0.3053165576907702
28.77442400688174 0.299217503400944
28.974330989092817 0.2931184491111186
29.174237971303892 0.28701939482129324
29.374144953514968 0.28092034053146786
29.574051935726043 0.2748212862416425
29.77395891793712 0.2687222319518171
29.973867052865867 0.26266173042862123
30.173836949288415 0.2600586839126527
30.373642162000497 0.26817523570489904
30.572601132247325 0.28825830315602424
30.76999782258587 0.3202356089103142
30.965121818093785 0.36399206919839905
31.15727088309587 0.41937020801455177
31.341531339963314 0.48457136429551956
31.483184757046576 0.5442902351616252
31.57621971142616 0.5901748012907854
31.62296629204364 0.6166892419265245
31.6299593896315 0.6210940455868053
31.641558326897197 0.6300090053094698
31.68974174752923 0.6709697539297983
31.77159798687138 0.7492087074608912
31.88269941477632 0.8687875663109924
32.00911276809938 1.021947066141994
32.126955770727 1.1835051926203988
32.236372605076454 1.3509086198083724
32.34348094327737 1.5198103750281662
32.44963404329222 1.6893102319519098
32.54885945807371 1.8629316674969998
32.64197156799985 2.03993318408198
32.734521834826516 2.2172308098704616
32.82715635323986 2.394484336649908
32.92350835953613 2.569726233311259
33.02819953211151 2.740122817336781
33.13502249041339 2.909203418342948
33.235763418229645 3.081948111994029
33.32611242459639 3.2603439036721564
33.405601525126166 3.443836367650615
33.47394464489502 3.6317651292071687
33.53089582247346 3.8234538477389157
33.576250095122155 4.01821265085812
33.60984423643628 4.21534061718782
33.63252306279792 4.414034767943688
33.651156290395704 4.613164818438634
33.66970884494967 4.812302466108374
33.68826139950363 5.011440113778114
33.706813954057594 5.210577761447855
33.72506715924699 5.409742575091441
33.73763513510777 5.609325288405788
33.74113084336703 5.809287970767867
33.74267036852189 6.00928204532957
33.744209618684955 6.209276122014039
33.74574886884802 6.409270198698508
33.74728811901108 6.6092642753829765
33.748827369174144 6.809258352067445
33.75036661933721 7.009252428751914
33.75190586950027 7.209246505436383
33.75344511966333 7.409240582120852
33.754932291093475 7.609235020870877
33.75273655842132 7.809208838794082
33.73970701694166 8.008753902598599
33.714735400102626 8.207158589519956
33.677911578758774 8.403708856936605
33.6293680789019 8.597697336134644
33.56927960471087 8.788425878071374
33.497862409805016 8.975208065957954
33.41537351896467 9.15737168561857
33.322109803119474 9.334261144735544
33.2184069109338 9.505239832273725
33.10463806083379 9.669692409592779
32.98121269782432 9.827027025001842
32.84857501992874 9.976677443786434
32.707202379555945 10.118105086042
32.55760356554716 10.25080096497993
32.400316972085506 10.374287518730409
32.23590866105829 10.488120329049403
32.064985733050364 10.591916625935925
31.88969437701187 10.68820381891763
31.71374746161012 10.783296841587651
31.538591830798165 10.879828309420873
31.36800135327632 10.984172212314732
31.20178239005769 11.095392707547811
31.036163077630565 11.207509804152567
30.87054376520344 11.319626900757322
30.704924452776314 11.431743997362078
30.53930514034919 11.543861093966834
30.373447685251595 11.655624104354937
30.20417598476639 11.762101773293733
30.029989945812638 11.860366381283256
29.85467568972408 11.956620791665712
29.67936021582536 12.052872984428197
29.504044741926638 12.149125177190681
29.32895597363605 12.24578716446164
29.157089647321577 12.34802399039835
28.989779729352318 12.457593376709092
28.823290950553154 12.568415245191225
28.65598103258398 12.677984631502346
28.483981648215163 12.779986783499002
28.306619173341286 12.87237859707762
28.127399658616806 12.961149874655288
27.948144135082483 13.049848562821428
27.76888861154816 13.138547250987568
27.589633289816145 13.227246346953695
27.411285681772217 13.317741275263955
27.236242280473796 13.414475233228961
27.062043307342197 13.512733656581956
26.887844336667005 13.610992084289938
26.713645365991812 13.70925051199792
26.53944639531662 13.807508939705903
26.365247424641428 13.905767367413885
26.191048453966236 14.004025795121867
26.016849483291043 14.10228422282985
25.84265051261585 14.200542650537832
25.66845154194066 14.298801078245814
25.494252571265466 14.397059505953797
25.320053600590274 14.495317933661779
25.145854629915082 14.593576361369761
24.97165565923989 14.691834789077744
24.797456688564697 14.790093216785726
24.623257717889505 14.888351644493708
24.449058747214313 14.98661007220169
24.27485977653912 15.084868499909673
24.100660805863928 15.183126927617655
23.926461835188736 15.281385355325638
23.752262864513543 15.37964378303362
23.57806389383835 15.477902210741602
23.40386492316316 15.576160638449585
23.229665952487967 15.674419066157567
23.055466981812774 15.77267749386555
22.88108758326285 15.87061398511753
22.703868465809716 15.963266525632596
22.52301956664128 16.048660708377177
22.34164325343707 16.132937828690878
22.160387589359438 16.217473041127327
21.9809535533638 16.305797601488557
21.802297758030424 16.395698137554884
21.624813486323514 16.48786982162025
21.451792702915608 16.58815430956762
21.280998366046873 16.692218002930264
21.110261564455584 16.796376269920078
20.939524762864295 16.90053453690989
20.768787961273006 17.004692803899705
20.598051159681717 17.108851070889518
20.427314321635503 17.21300927812116
20.255628403911974 17.315583288903316
20.08078186837462 17.412676953926507
19.90533565366565 17.508690628704002
19.72988957098084 17.604704544717137
19.555397008552344 17.702426804058597
19.384671341492886 17.806588015628723
19.21511873102307 17.912663046728674
19.045567141406213 18.01873970984709
18.876015551789354 18.124816372965505
18.706463962172496 18.23089303608392
18.536912372555637 18.336969699202335
18.36736078293878 18.44304636232075
18.19780919332192 18.549123025439165
18.02825760370506 18.65519968855758
17.858706014088202 18.761276351675995
17.689154424471344 18.86735301479441
17.519602834854485 18.973429677912826
17.350051245237626 19.07950634103124
17.180499655620768 19.185583004149656
17.010865015865807 19.291526461448868
16.838756784223417 19.393365912891174
16.66175296746484 19.48644858678543
16.48315448950977 19.576462895433924
16.304538637957886 19.6664427685962
16.125935226904947 19.75644730700741
15.948823526861625 19.849326579701113
15.776387171424238 19.950615266301384
15.606033818912781 20.05539937515816
15.43568385469584 20.160189007584773
15.263290139451913 20.261550899827423
15.086388942090172 20.354834968377848
14.908211841670711 20.44568055117982
14.730029949502137 20.53651674057126
14.551848057333563 20.627352929962697
14.37366616516499 20.718189119354136
14.195484272996415 20.809025308745575
14.017302380827841 20.899861498137014
13.839120488659267 20.990697687528453
13.66095804894624 21.08157197287947
13.48443696765476 21.17556651164922
13.311856441689574 21.27662850429196
13.140184512707435 21.37923819583922
12.968512596551342 21.481847908845538
12.796840680395249 21.584457621851854
12.625168764239156 21.68706733485817
12.453496848083063 21.789677047864487
12.28182493192697 21.892286760870803
12.110153015770877 21.99489647387712
11.938481099614783 22.097506186883436
11.76680918345869 22.200115899889752
11.595137267302597 22.30272561289607
11.423465351146504 22.405335325902385
11.251793434990411 22.5079450389087
11.080121518834318 22.610554751915018
10.908449602678225 22.713164464921334
10.736639795236513 22.815542306558484
10.56207952370888 22.913113349376633
10.382278784305926 23.000642845468917
10.19955248216887 23.081948249913353
10.016588346896521 23.16272030698751
9.833624211624171 23.243492364061666
9.650592656256144 23.324111028941257
9.46566831447047 23.400238399951412
9.27692062653522 23.466316526677534
9.086524046721813 23.52754588789131
8.8956581958816 23.58728289499074
8.702619747269482 23.639530611061783
8.50841031665298 23.687303500877423
8.312796620865818 23.728844727430868
8.115094764895783 23.758877669110444
7.915947770010829 23.77700157233844
7.716147350188003 23.783151071310844
7.543989508838445 23.778365396029926
7.374932711809557 23.762988128024148
7.177439611604135 23.733397153781063
6.980919420654744 23.696263233562195
6.784554254930162 23.65830639373219
6.588522724012017 23.618691057768057
6.394538798744225 23.57012799932415
6.203812580764214 23.51003214909392
6.017033154949351 23.43860773077551
5.8348727255349875 23.356111795145768
5.65798687335736 23.262841238487983
5.487012196470502 23.159131734086067
5.322564019080711 23.045356524163036
5.165234177043874 22.921925076612105
5.01558888789547 22.789281611354497
4.874166713078911 22.64790350162739
4.74147661970595 22.49829955595579
4.6177299184347245 22.341209275191492
4.498838621138428 22.180384619601767
4.380258839487765 22.019329239736223
4.261713520097427 21.8582485211103
4.146039439091492 21.69511019230733
4.039318118630995 21.525999101012367
3.9429294174988487 21.350792880421157
3.857207106824052 21.1701278871105
3.7797932028489094 20.985723693127586
3.705417035296215 20.800073470969977
3.639581871889369 20.611251105730666
3.585174021934819 20.418825049015055
3.5416716885793327 20.223632008041758
3.502694790096264 20.027466918554964
3.4638524118201257 19.831274998105258
3.4250100335439875 19.63508307765555
3.386167925032999 19.438891103803947
3.3492481059356205 19.242335205211557
3.3214608517867097 19.044299823761918
3.3001605354832435 18.845438348044915
3.2793474897279555 18.64652425320424
3.2585344439726676 18.447610158363567
3.2377213982173796 18.248696063522893
3.2181377230924686 18.04966096499618
3.2069929848003724 17.850000579169336
3.205369524579797 17.6500141662246
3.205758273257445 17.450014544052863
3.2066600178052833 17.25001767162974
3.2131491415014897 17.05013353414459
3.2227251623486324 16.850362925590435
3.2302006069251425 16.650510162140037
3.228371143115531 16.45054113363332
3.2206719165991715 16.25068996228705
3.2126392816386784 16.050851335451664
3.2046071013116637 15.85101269035656
3.1985168741195067 15.65111147903766
3.1964954860227897 15.451122017594885
3.194701713994765 15.251130061802145
3.19290794196674 15.051138106009406
3.1911141699387153 14.851146150216666
3.1893203979106906 14.651154194423926
3.1875266258826658 14.451162238631186
3.185732853854641 14.251170282838446
3.1839390818266162 14.051178327045706
3.1821453097985914 13.851186371252966
3.1803515377705667 13.65119441546022
3.178557765742542 13.451202459667444
3.1767550690922572 13.25121058597153
3.1722671365558934 13.051270787884764
3.158247876766416 12.851781817212409
3.1393698001363552 12.65267496748061
3.12034642698415 12.45358175273065
3.1044081378061854 12.254229474054771
3.0980201427539744 12.05434761740839
3.09577851947681 11.854360253368874
3.093624765028646 11.65437185035092
3.0914710105804817 11.454383447332965
3.0893172561323174 11.254395044315011
3.087163501684153 11.054406641297057
3.085009747235989 10.854418238279102
3.0828559927878247 10.654429835261148
3.0807022383396605 10.454441432243193
3.078979234781129 10.29445070982883
3.076825480332965 10.094462306810875
3.0746717258848006 9.894473903792921
3.0725179714366364 9.694485500774967
3.070364216988472 9.494497097757012
3.068210462540308 9.294508694739058
3.0660567080921437 9.094520291721103
3.0639029536439795 8.894531888703149
3.0617491991958152 8.694543485685195
3.059595444747651 8.49455508266724
3.0574416902994868 8.294566679649286
3.0552879358513225 8.094578276631331
3.0531341814031583 7.89458987361333
3.050980426954994 7.694601470595287
3.04882667250683 7.4946130675772435
3.0466729180586656 7.2946246645592
3.0445191636105013 7.094636261541157
3.042365409162337 6.894647858523114
3.040211654714173 6.694659455505071
3.0380579002660086 6.4946710524870275
3.0359041458178444 6.294682649468984
3.0342187015934097 6.094690710025614
3.0389550920558888 5.894770417742979
3.0519551436138075 5.695197318338074
3.0662292016699615 5.495707340478191
3.0808533460267533 5.296243346734615
3.101409141865633 5.097325555551922
3.1314501952951215 4.899603171557805
3.1639035562554882 4.702253846479682
3.2002886745027856 4.505607083538641
3.247007220320656 4.311162903645158
3.2992592482846885 4.11810972944947
3.352492726615427 3.9253262117594336
3.4127083387211385 3.7346343512173643
3.4833338474970685 3.5475375687317863
3.5580520442898944 3.3620189743789073
3.6328729535943793 3.176541667058631
3.707729623397191 2.991078810735998
3.7857765962475343 2.806950036897404
3.87357162534741 2.6272835839765896
3.971982191145585 2.4532049753565786
4.080654121875837 2.28534070604606
4.199196315939153 2.1242949061428895
4.3271821494471086 1.9706471666181253
4.464151011607192 1.8249504534144039
4.609609962424256 1.6877291173656856
4.763035506752176 1.5594770071004826
4.923875478311079 1.4406556917200875
5.091551026889682 1.331692799648247
5.265458701580973 1.2329804796306107
5.444972622553814 1.14487398942273
5.6294467335444835 1.067690417245758
5.818217126961553 1.0017075406112745
6.0106044332362805 0.9471628266222061
6.20591626581945 0.9042525773476902
6.4034497130252275 0.8731312233476043
6.602444686267439 0.8533035917905913
6.79957659683401 0.8386639536247378
6.95889920371638 0.8269862211115382
7.0683555799630655 0.8189634909498545
7.127945725574081 0.8145957631396886
7.139988420273565 0.813713080071726
7.142621357250691 0.8135200959475979
7.183760997523747 0.8105047190076964
7.274766868432471 0.8038343397162735
7.415638969976885 0.7935089580733381
7.592634168995201 0.780535892726855
7.731012959010582 0.7703932612012903
7.827204917906121 0.7633427616652609
7.991015485542928 0.7513360789406246
8.189328498157472 0.7368005000889033
8.374581544969985 0.7232221663529402
8.511464348066285 0.7131891848979214
8.621199975202698 0.7051459867232039
8.762820070208011 0.6947657800448914
8.849986241360275 0.6883768359343564
8.91406438530998 0.683680671338943
8.929432849366243 0.682622164348876
8.92943284936624 0.6826221643488867
8.931460927241869 0.6825338460108845
8.957426318373692 0.6814031102448186
8.959729135863597 0.6813028275999186
8.991239271926482 0.6799306303678789
9.007024311553698 0.6792432265546777
9.010351158512378 0.6790983496750953
9.050313284147387 0.6773580868570152
9.068570980298404 0.6765630042819436
9.075194702621818 0.6762745557198727
9.098912224187238 0.6752417097372985
9.09896217684436 0.6752395344087688
9.09896217684436 0.6752395344087688
9.09896217684436 0.6752395344087688
9.09896217684436 0.6752395344087688
9.09896217684436 0.6752395344087688
9.09896217684436 0.6752395344087688
9.09896217684436 0.6752395344087688
9.09896217684436 0.6752395344087688
9.09896217684436 0.6752395344087688
9.09896217684436 0.6752395344087688
9.09896217684436 0.6752395344087688
9.09896217684436 0.6752395344087688
9.09896217684436 0.6752395344087688
9.09896217684436 0.6752395344087688
9.09896217684436 0.6752395344087688
9.09896217684436 0.6752395344087688
9.09896217684436 0.6752395344087688
9.09896217684436 0.6752395344087688
